2018-10-25T185734
OBJECT ID|DEV_ID|DEV_TYPE|ETR|LAMGRID|CKT_SECT_ID|CKTID|NUMAFFECT|OEID|LATITUDE|LONGITUDE|X|Y
77487015|5357310904|TF|1540478220000|535731|10543|DN08|1|3163711|29.750600000000002|-95.39772099999999|-10619625.72455878|3471531.9133884916
77487016|5858036326|TF|1540478220000|585803|41267|NM01|1|3163738|29.777469|-95.200366|-10597656.266453274|3474977.5093583087
77487017|6056612340|TF|1540486800000|605661|41168|AI08|1|3163742|29.719828|-95.09681599999999|-10586129.13318163|3467586.9432742596
77487018|5356857926|TF|1540481160000|535685|40679|MID02|1|3163835|29.742893|-95.374314|-10617020.069237784|3470543.7624485954
77487019|5355213309|TF|1540478220000|535521|10133|PZ44|1|3163874|29.703514|-95.402513|-10620159.16755866|3465495.979248596
77487020|5254519590|TF|1540478640000|525451|14331|BR12|1|3163883|29.683608|-95.429812|-10623198.078337828|3462945.0888602724
77487021|5756150013|TF|1540480320000|575615|40820|GP07|1|3163889|29.738660999999997|-95.241519|-10602237.397457888|3470001.1900049574
77487022|5055917492|TF|1540480320000|505591|10269|HT06|1|3163895|29.70921|-95.495571|-10630518.336732902|3466225.9964941093
77487023|9WC|FUSE|1540485900000|545743|40775|ES01|16|3163907|29.756829999999997|-95.35212299999999|-10614549.77841759|3472330.7466970286
77487024|4952224186|TF|1540479840000|495222|12674|STF41|1|3163909|29.643924|-95.569279|-10638723.473760292|3457861.217619356
77487025|4359227929|TF|1540480320000|435922|22591|KT48|1|3163921|29.813314|-95.81001099999999|-10665521.637417939|3479575.5991433654
77487026|5564403889|TF|1540477980000|556440|41221|LA01|1|3163925|29.912959999999998|-95.303811|-10609171.711178383|3492366.562223364
77487027|5465532975|TF|1540477980000|546553|20194|NB44|1|3163932|29.948847999999998|-95.340222|-10613224.965157658|3496976.4238311294
77487028|6939021095|TF|1540478040000|693902|30879|SCW01|1|3163941|29.313537999999998|-94.767354|-10549453.591105897|3415613.243821311
77487029|5050009609|TF|1540477980000|505000|12147|QV01|1|3163944|29.584629999999997|-95.536065|-10635026.108193085|3450268.863914488
77487030|5769949274|TF|1540479780000|576994|20022|KW41|2|3163962|30.043256999999997|-95.193209|-10596859.552857667|3509111.340125118
77487031|4762505788|TF|1540480200000|476250|13846|GE43|1|3163971|29.87428|-95.631316|-10645629.401010636|3487399.924171766
77487032|6041127690|TF|1540484880000|604112|30038|AL07|1|3163979|29.371722|-95.128503|-10589656.513886396|3423043.526251261
77487033|5858925612|TF|1540477920000|585892|40464|CV10|1|3163995|29.771933999999998|-95.163663|-10593570.50718269|3474267.6428038585
77487034|5235143923|TF|1540485960000|523514|30061|AE05|1|3164051|29.244255|-95.4636|-10626959.34129275|3406771.1070791916
77487035|4948850399|TF|1540480740000|494885|12161|QV01|1|3164054|29.561075|-95.548935|-10636458.790039595|3447253.9810790457
77487036|5056206028|TF|1540485300000|505620|10589|DV02|4|3164060|29.727179|-95.524613|-10633751.277384521|3468529.2313989922
77487037|5072414374|TF|1540481640000|507241|2433A|KDL46|1|3164065|30.110764999999997|-95.503518|-10631402.992726237|3517795.6118737254
77487038|4132338987|TF|1540476240000|413233|10809|PG01|2|3164071|29.182869999999998|-95.907388|-10676361.595472917|3398941.9411481093
77487039|4662448197|TF|1540480140000|466244|21199|FRY41|1|3164075|29.891142|-95.67508099999999|-10650501.298525203|3489564.822946074
77487040|5150032111|TF|1540478340000|515003|10778|BL09|1|3164077|29.595723999999997|-95.49755599999999|-10630739.305922126|3451689.0656235456
77487041|5556041626|TF|1540478400000|555604|41355|MP02|1|3164081|29.737695|-95.32781899999999|-10611844.269513348|3469877.3451566906
77487042|6838318897|TF|1540482420000|683831|30460|GL05|1|3164083|29.286921999999997|-94.793922|-10552411.127337292|3412215.7083519744
77487043|4775219623|TF|1540478220000|477521|23081|PI42|1|3164085|30.183187|-95.63177499999999|-10645680.496656908|3527118.62404281
77487044|4170406297|TF|1540480500000|417040|2329A|HK43|1|3164091|30.069823|-95.877252|-10673006.87129837|3512528.100082856
77487045|5559302372|TF|1540477260000|555930|41276|LB05|1|3164092|29.794245|-95.313001|-10610194.737298774|3477129.2795998035
77487046|5155109595|TF|1540478700000|515510|10197|ST02|1|3164093|29.705122|-95.486644|-10629524.58763859|3465702.0613832166
77487047|5761511541|TF|1540479600000|576151|40934|PW02|1|3164094|29.841725|-95.22058899999999|-10599907.480515586|3483221.248637619
77487048|4853515211|TF|1540477800000|485351|12289|STF05|1|3164097|29.661355999999998|-95.597179|-10641829.287553426|3460094.1639551544
77487049|4764641780|TF|1540480440000|476464|21962|KL45|1|3164098|29.936919|-95.626661|-10645111.208780993|3495443.9433510746
77487050|5164915744|TF|1540476660000|516491|20513|HV06|1|3164099|29.919022|-95.447687|-10625187.914235758|3493145.1175679266
77487051|5157915723|TF|1540479600000|515791|10447|SF15|1|3164101|29.752768|-95.453456|-10625830.116378143|3471809.8966181013
77487052|5651245734|TF|1540480500000|565124|31089|TE08|1|3164103|29.618204|-95.280779|-10606607.800666435|3454567.328523568
77487053|4756634509|TF|1540476960000|475663|12381|WI44|6|3164105|29.740897999999998|-95.632014|-10645707.10201521|3470287.9864330576
77487054|5053220971|TF|1540478700000|505322|10883|FD13|1|3164106|29.665971|-95.528764|-10634213.364590803|3460685.3856341303
77487055|5457911413|TF|1540480500000|545791|41393|MP08|1|3164109|29.749048|-95.33150599999999|-10612254.704475902|3471332.9180161017
77487056|5263709597|TF|1540483200000|526370|20504|HV03|1|3164111|29.892636999999997|-95.41394799999999|-10621432.105935883|3489756.7824790813
77487057|5525727956|TF|1540478340000|552572|3511B|VL03|1|3164116|28.997246999999998|-95.32279|-10611284.44379415|3375295.644270886
77487058|5251201309|TF|1540481400000|525120|11057|IR01|1|3164123|29.606109|-95.448039|-10625227.098696517|3453018.646027623
77487059|5064231416|TF|1540478520000|506423|22091|THW46|1|3164124|29.927719999999997|-95.519481|-10633179.98575777|3494262.302717681
77487060|5555741788|TF|1540483200000|555574|40995|GG10|1|3164125|29.715462|-95.299566|-10608699.159939967|3467027.3201187584
77487061|5161959956|TF|1540483200000|516195|20856|LK10|1|3164130|29.864347|-95.44784899999999|-10625205.947993265|3486124.805499701
77487062|PO04|BREAKER|1540479600000|605065|None|PO04|32|3164131|29.593895|-95.100267|-10586513.296744358|3451454.914894094
77487063|PO04|BREAKER|1540479600000|605055|None|PO04|32|3164131|29.594015|-95.104387|-10586971.933046427|3451470.2773049916
77487064|PO04|BREAKER|1540479600000|605052|None|PO04|32|3164131|29.582196|-95.10483699999999|-10587022.026817283|3449957.295565967
77487065|PO04|BREAKER|1540479600000|605054|None|PO04|32|3164131|29.590073999999998|-95.104537|-10586988.630970046|3450965.7596809976
77487066|PO04|BREAKER|1540479600000|605063|None|PO04|32|3164131|29.586015|-95.100568|-10586546.803911086|3450446.1565715554
77487067|PO04|BREAKER|1540479600000|605044|None|PO04|32|3164131|29.590194|-95.108657|-10587447.267272113|3450981.1215100987
77487068|PO04|BREAKER|1540479600000|605045|None|PO04|32|3164131|29.594134999999998|-95.10850699999999|-10587430.569348494|3451485.639734167
77487069|PO04|BREAKER|1540479600000|605064|None|PO04|32|3164131|29.589954|-95.100417|-10586529.994667977|3450950.3978701695
77487070|PO04|BREAKER|1540479600000|605062|None|PO04|32|3164131|29.582075999999997|-95.100718|-10586563.501834705|3449941.9349543084
77487071|PO04|BREAKER|1540479600000|605053|None|PO04|32|3164131|29.586135|-95.104687|-10587005.328893663|3450461.5177827408
77487072|PO04|BREAKER|1540479600000|605072|None|PO04|32|3164131|29.581955999999998|-95.096599|-10586104.976852128|3449926.5743609164
77487073|PO04|BREAKER|1540479600000|605084|None|PO04|32|3164131|29.589713|-95.09217799999999|-10585612.83338333|3450919.546288614
77487074|PO04|BREAKER|1540479600000|605083|None|PO04|32|3164131|29.585773999999997|-95.09232899999999|-10585629.642626442|3450415.3061942775
77487075|PO04|BREAKER|1540479600000|605071|None|PO04|32|3164131|29.578014|-95.096749|-10586121.674775748|3449421.989020902
77487076|PO04|BREAKER|1540479600000|605073|None|PO04|32|3164131|29.585894|-95.096448|-10586088.16760902|3450430.667368775
77487077|PO04|BREAKER|1540479600000|605074|None|PO04|32|3164131|29.589833|-95.09629799999999|-10586071.469685398|3450934.90806275
77487078|PO04|BREAKER|1540479600000|605160|None|PO04|32|3164131|29.597834|-95.100117|-10586496.59882074|3451959.1955771944
77487079|PO04|BREAKER|1540479600000|605170|None|PO04|32|3164131|29.597714|-95.095997|-10586037.962518672|3451943.832584688
77487080|PO04|BREAKER|1540479600000|605161|None|PO04|32|3164131|29.601772999999998|-95.099966|-10586479.78957763|3452463.4959534225
77487081|PO04|BREAKER|1540479600000|605082|None|PO04|32|3164131|29.581834999999998|-95.09248|-10585646.451869551|3449911.085781069
77487082|PO04|BREAKER|1540479600000|605075|None|PO04|31|3164131|29.593774999999997|-95.096147|-10586054.66044229|3451439.5525014666
77487083|PO04|BREAKER|1540479600000|605171|None|PO04|31|3164131|29.601653|-95.095846|-10586021.15327556|3452448.1323609157
77487084|PO04|BREAKER|1540479600000|605180|None|PO04|31|3164131|29.597593999999997|-95.091877|-10585579.326216603|3451928.4696104554
77487085|PO04|BREAKER|1540479600000|605085|None|PO04|31|3164131|29.593655|-95.092028|-10585596.135459714|3451424.190127115
77487086|PO04|BREAKER|1540479600000|615103|None|PO04|31|3164131|29.609171999999997|-95.08318399999999|-10584611.625883136|3453410.824778619
77487087|PO04|BREAKER|1540479600000|605190|None|PO04|31|3164131|29.597472999999997|-95.087757|-10585120.689914534|3451912.9786299467
77487088|PO04|BREAKER|1540479600000|605191|None|PO04|31|3164131|29.601412|-95.087606|-10585103.880671425|3452417.277201187
77487089|PO04|BREAKER|1540479600000|615102|None|PO04|31|3164131|29.605233|-95.08333499999999|-10584628.435126247|3452906.4874003
77487090|PO04|BREAKER|1540479600000|615101|None|PO04|31|3164131|29.601291|-95.083486|-10584645.244369356|3452401.78563427
77487091|PO04|BREAKER|1540479600000|615104|None|PO04|31|3164131|29.613111|-95.083033|-10584594.816640027|3453915.1818613545
77487092|PO04|BREAKER|1540479600000|615131|None|PO04|31|3164131|29.600928999999997|-95.07112599999999|-10583269.33546315|3452355.4390739757
77487093|PO04|BREAKER|1540479600000|615110|None|PO04|31|3164131|29.597231999999998|-95.079517|-10584203.417310398|3451882.124748925
77487094|PO04|BREAKER|1540479600000|615120|None|PO04|31|3164131|29.597110999999998|-95.075397|-10583744.78100833|3451866.6338240104
77487095|PO04|BREAKER|1540479600000|615111|None|PO04|31|3164131|29.601170999999997|-95.079366|-10584186.608067289|3452386.422115186
77487096|PO04|BREAKER|1540479600000|615100|None|PO04|31|3164131|29.597353|-95.083637|-10584662.053612465|3451897.615692423
77487097|PO04|BREAKER|1540479600000|615121|None|PO04|30|3164131|29.601049999999997|-95.07524599999999|-10583727.971765218|3452370.9305852884
77487098|6535402649|TF|1540476540000|653540|31427|STW01|1|3164132|29.213955|-94.918604|-10566290.66408838|3402905.998134112
77487099|4070831954|TF|1540485000000|407083|2329A|HK43|1|3164134|30.080315|-95.903616|-10675941.698353644|3513877.7709680246
77487100|6260206523|TF|1540483200000|626020|41182|HL07|1|3164135|29.807816|-95.025508|-10578191.162932144|3478870.2251179544
77487101|6050647886|TF|1540483200000|605064|30837|PO03|1|3164138|29.591663999999998|-95.099156|-10586389.620790087|3451169.30539931
77487102|6153926948|TF|1540484100000|615392|41748|LP07|1|3164139|29.651563|-95.043838|-10580231.649198383|3458839.685218847
77487103|5056830073|TF|1540484100000|505683|14314|UL45|1|3164140|29.740230999999998|-95.5017|-10631200.613891974|3470202.472479151
77487104|5654246332|TF|1540484100000|565424|40964|GG03|1|3164143|29.689083|-95.27803|-10606301.783386244|3463646.642261471
77487105|4557423747|TF|1540482300000|455742|22696|MAR46|1|3164145|29.764453999999997|-95.72237299999999|-10655765.819883797|3473308.391339153
77487106|4763005503|TF|1540484100000|476300|21212|FRY42|1|3164146|29.895077999999998|-95.651279|-10647851.67200534|3490070.2155709425
77487107|6048940990|COD|1540484100000|604894|31162|WEB03|1|3164148|29.544179999999997|-95.091662|-10585555.39252608|3445091.966749858
77487108|5163739085|TF|1540485000000|516373|2F151|THW46|1|3164149|29.904887|-95.454852|-10625985.518387292|3491329.8035171935
77487109|5157127219|TF|1540485000000|515712|10322|SF42|7|3164150|29.757365|-95.485789|-10629429.409473963|3472399.3486622786
77487110|4857031257|TF|1540485000000|485703|21601|ME04|1|3164151|29.766199|-95.61607599999999|-10643932.891970946|3473532.1675278563
